data/rinex/file_creator/COD0OPSFIN_20232230000_01D_01H_GIM.INX
     1.0            IONOSPHERE MAPS     GNSS                IONEX VERSION / TYPE
ADDNEQ2 V5.5        AIUB                15-AUG-23 21:18     PGM / RUN BY / DATE 
CODE'S GLOBAL IONOSPHERE MAPS FOR DAY 223, 2023             COMMENT             
Global ionosphere maps (GIM) are generated on a daily basis DESCRIPTION         
at CODE using data from about 300 GNSS sites of the IGS and DESCRIPTION         
other institutions. The vertical total electron content     DESCRIPTION         
(VTEC) is modeled in a solar-geomagnetic reference frame    DESCRIPTION         
using a spherical harmonics expansion up to degree and      DESCRIPTION         
order 15. Piece-wise linear functions are used for          DESCRIPTION         
representation in the time domain. The time spacing of      DESCRIPTION         
their vertices is 1 hour, conforming with the epochs of the DESCRIPTION         
VTEC maps.                                                  DESCRIPTION         
To convert line-of-sight TEC into vertical TEC, a modified  DESCRIPTION         
single-layer model mapping function approximating the JPL   DESCRIPTION         
extended slab model mapping function is adopted. The        DESCRIPTION         
mapping function is evaluated at geodetic satellite         DESCRIPTION         
elevation angles. For the computation of the ionospheric    DESCRIPTION         
pierce points, a spherical layer with a radius of 6821 km   DESCRIPTION         
is assumed, implying geocentric, not geodetic IONEX         DESCRIPTION         
latitudes.                                                  DESCRIPTION         
Instrumental biases with respect to each involved GNSS code DESCRIPTION         
observable are estimated as constant values for each        DESCRIPTION         
day. They are modeled with one set of bias parameters for   DESCRIPTION         
each satellite and each station in case of GPS and for each DESCRIPTION         
satellite-station link in case of GLONASS. The code bias    DESCRIPTION         
datum is defined by zero-mean conditions imposed on the     DESCRIPTION         
satellite bias estimates. In this file, just GPS C1W-C2W    DESCRIPTION         
satellite and station bias values are included. The         DESCRIPTION         
complete set of GNSS code bias results is provided in an    DESCRIPTION         
additional Bias-SINEX file as pseudo-absolute values        DESCRIPTION         
specific to each observable.                                DESCRIPTION         
Note: These GIM results correspond to the results for the   DESCRIPTION         
middle day of a 3-day combination analysis solving for 73   DESCRIPTION         
times 256, or 18688 VTEC parameters and 3 daily sets of     DESCRIPTION         
GNSS code bias parameters.                                  DESCRIPTION         
Contact address: code(at)aiub.unibe.ch                      DESCRIPTION         
Data archive:    ftp.aiub.unibe.ch/CODE/                    DESCRIPTION         
                 www.aiub.unibe.ch/download/CODE/           DESCRIPTION         
  2023     8    11     0     0     0                        EPOCH OF FIRST MAP  
  2023     8    12     0     0     0                        EPOCH OF LAST MAP   
  3600                                                      INTERVAL            
[...]
bshm cags cas1 ccj2 cedu chpg chpi chti chur cnmr coco cord COMMENT             
cpvg cpxf crar cro1 darw dav1 dgar dhlg drao dubo ebre faa1 COMMENT             
flin flrs frdn ftna func ganp glps glsv gode godz gol2 gold COMMENT             
gope gras graz guat guug harb hers hert hlfx hnpt hob2 hofn COMMENT             
holb hrao hyde ieng iisc ineg invk iqal jog2 joz2 joze karr COMMENT             
kerg kir0 kiri kiru kit3 kokb kokv kouc koug kour krgg laut COMMENT             
lhaz lmmf lpal lpgs m0se mac1 madr mal2 mana mas1 mat1 mate COMMENT             
maui maw1 mcm4 mdo1 mdvj medi mets mgue mizu mkea mnls mobs COMMENT             
monp morp mqzg mro1 nano naur nico nist nium nklg nlib nnor COMMENT             
not1 nrc1 nrmd ntus nya1 nyal onsa opmt ous2 pado park pdel COMMENT             
penc pert pie1 pimo pohn pol2 polv pots pove prds ptag ptbb COMMENT             
ptvl qaq1 quin rabt ramo reun reyk rgdg rio2 riop roth salu COMMENT             
samo sant savo sch2 scor scrz sctb scub seyg sfer shao smst COMMENT             
sofi spt0 sthl stjo stk2 str2 suth sutm sydn syog tabl tabv COMMENT             
tash thtg thti thu2 tid1 tidb tlse tow2 tro1 tskb tuva twtf COMMENT             
txes uclu ufpr ulab unb3 unbj unsa urum usn7 usud vald vill COMMENT             
voim vtsp wab1 wab2 wark wgtn whit will wind wsrt wtza wtzl COMMENT             
wtzr wtzs wtzz wuhn xmis yar2 yar3 yarr yell ykro zamb zeck COMMENT             
zim2 zim3 zimm                                              COMMENT             
                                                            END OF HEADER       
[from data line 3861]
    10                                                      START OF TEC MAP    
  2023     8    11     9     0     0                        EPOCH OF CURRENT MAP
    87.5-180.0 180.0   5.0 450.0                            LAT/LON1/LON2/DLON/H
  166  166  167  167  168  168  169  170  171  172  174  175  176  178  179  180
  182  183  184  186  187  188  189  190  192  192  193  194  195  196  196  197
  197  197  198  198  198  198  198  197  197  196  196  195  194  193  192  191
  190  189  188  186  185  183  182  180  179  177  176  175  173  172  171  170
  169  168  168  167  167  166  166  166  166
    85.0-180.0 180.0   5.0 450.0                            LAT/LON1/LON2/DLON/H
  156  156  157  157  158  159  160  162  164  166  168  170  173  175  178  180
  183  185  187  189  191  193  195  197  198  199  201  202  203  204  205  206
  207  208  208  209  209  210  210  210  210  210  210  209  208  207  206  204
  203  201  198  196  193  191  188  185  183  180  177  175  173  170  168  166
  164  163  161  160  159  158  157  157  156
    82.5-180.0 180.0   5.0 450.0                            LAT/LON1/LON2/DLON/H
  157  155  154  154  154  155  156  157  159  161  164  167  170  173  176  179
  182  185  188  190  192  194  196  198  199  200  201  202  203  204  205  207
  208  210  211  213  214  216  217  219  220  221  221  222  222  221  221  220
  218  216  214  212  209  206  202  199  195  192  189  186  183  180  178  175
  173  171  168  166  164  162  160  158  157
    80.0-180.0 180.0   5.0 450.0                            LAT/LON1/LON2/DLON/H
  167  164  160  158  156  155  154  155  156  158  160  163  166  169  172  175
  179  182  185  187  189  191  192  193  194  194  194  195  196  197  198  200
  202  204  207  210  213  216  218  221  224  227  229  231  233  234  235  236
  236  235  234  232  230  227  224  220  217  213  210  208  205  203  201  199
  197  194  191  188  184  180  176  172  167
    77.5-180.0 180.0   5.0 450.0                            LAT/LON1/LON2/DLON/H
  186  178  171  165  161  157  155  154  154  154  156  157  160  162  165  169
  172  175  178  180  182  184  185  185  185  184  184  184  184  185  187  189
  192  195  199  203  207  211  215  220  224  228  232  236  240  244  248  251
  253  255  255  255  254  252  249  246  243  241  238  236  235  234  234  233
  232  230  226  222  216  209  202  194  186
    75.0-180.0 180.0   5.0 450.0                            LAT/LON1/LON2/DLON/H
  205  193  182  173  165  160  156  153  151  151  151  151  152  154  156  158
  162  165  168  171  174  175  176  176  175  174  174  173  174  175  177  180
  184  188  192  197  202  206  211  216  221  226  232  238  244  250  256  262
  267  272  275  277  277  277  275  272  270  267  266  265  266  267  268  270
  270  269  266  260  253  242  231  218  205
    72.5-180.0 180.0   5.0 450.0                            LAT/LON1/LON2/DLON/H
  220  204  189  177  167  160  154  151  148  146  145  143  143  143  144  146
  149  153  157  161  164  166  167  167  167  166  166  166  167  170  173  177
  181  186  191  195  199  204  208  213  218  223  229  236  244  252  260  269
  277  284  290  294  296  296  295  292  289  287  286  286  288  292  296  300
  302  303  300  294  284  271  255  238  220
    70.0-180.0 180.0   5.0 450.0                            LAT/LON1/LON2/DLON/H
  226  206  189  175  164  156  150  146  143  141  138  135  133  131  131  132
  135  139  144  149  153  157  159  160  161  161  162  164  167  170  175  181
  186  191  195  199  202  205  208  211  216  221  227  234  242  251  261  271
  281  290  298  303  306  307  305  302  298  295  293  294  297  302  308  314
  319  321  320  313  302  286  267  247  226
    67.5-180.0 180.0   5.0 450.0                            LAT/LON1/LON2/DLON/H
  221  200  182  167  156  148  143  140  137  134  130  126  123  120  118  118
  120  125  130  137  142  147  151  154  156  158  161  165  170  177  184  191
  197  202  206  208  209  210  211  213  216  220  226  232  241  250  260  270
  281  290  298  304  307  307  304  299  294  289  286  286  288  294  301  309
  315  319  319  314  303  286  266  244  221
    65.0-180.0 180.0   5.0 450.0                            LAT/LON1/LON2/DLON/H
  210  190  172  158  147  140  135  131  129  126  122  118  113  109  106  105
  107  111  116  123  130  136  141  146  150  154  160  167  175  185  195  204
  212  217  219  219  218  217  216  216  218  221  227  233  241  249  259  268
  277  286  293  298  300  298  294  288  280  274  269  266  267  271  278  285
  293  298  299  296  287  272  253  232  210
    62.5-180.0 180.0   5.0 450.0                            LAT/LON1/LON2/DLON/H
  199  181  165  152  141  133  128  123  120  117  113  109  104   99   95   93
   94   97  102  109  116  122  129  135  142  149  158  168  180  193  205  217
  226  231  233  231  228  224  221  220  221  224  230  236  244  252  259  267
  274  281  286  288  288  285  279  271  262  254  247  243  241  242  245  251
  257  263  267  266  261  250  235  217  199
    60.0-180.0 180.0   5.0 450.0                            LAT/LON1/LON2/DLON/H
  194  180  166  154  143  133  124  117  112  108  104  100   96   91   87   84
   84   85   89   94  100  107  114  122  131  141  153  166  181  197  212  226
  237  243  245  242  237  231  226  223  224  227  233  241  249  256  263  269
  273  277  279  279  277  272  265  256  246  237  230  223  219  216  215  216
  220  225  231  234  233  229  220  207  194
    57.5-180.0 180.0   5.0 450.0                            LAT/LON1/LON2/DLON/H
  199  190  179  167  153  139  126  115  107  101   97   93   89   85   81   78
   76   76   77   80   85   91   99  109  120  133  147  162  179  197  215  231
  244  252  254  251  245  237  230  226  226  229  236  245  255  263  269  273
  276  277  276  274  270  264  256  247  238  230  223  216  209  202  196  192
  191  195  201  209  214  216  213  208  199
    55.0-180.0 180.0   5.0 450.0                            LAT/LON1/LON2/DLON/H
  215  209  200  188  172  154  135  118  105   97   91   88   85   82   78   74
   71   69   68   69   72   77   86   97  110  125  141  157  175  194  213  232
  248  259  263  260  253  244  235  229  227  230  238  249  260  270  277  281
  283  282  279  275  270  263  255  247  240  234  229  223  215  205  193  183
  178  179  186  197  207  215  219  218  215
    52.5-180.0 180.0   5.0 450.0                            LAT/LON1/LON2/DLON/H
  236  233  225  213  195  173  149  127  109   97   90   87   84   81   77   73
   69   65   63   62   64   68   77   90  105  122  138  154  172  190  211  232
  251  265  271  271  264  253  242  233  229  231  239  251  264  277  287  292
  293  291  288  283  277  269  262  254  249  246  244  241  234  222  206  191
  182  181  188  200  214  225  233  236  236
    50.0-180.0 180.0   5.0 450.0                            LAT/LON1/LON2/DLON/H
  253  251  245  233  216  192  165  139  117  103   94   89   86   82   78   74
   70   66   63   61   61   66   75   89  105  123  139  155  171  189  210  233
  254  271  281  283  277  267  254  242  234  234  240  253  269  285  297  304
  306  305  300  295  288  281  273  266  261  260  262  263  259  247  230  211
  198  195  202  215  230  242  250  253  253
    47.5-180.0 180.0   5.0 450.0                            LAT/LON1/LON2/DLON/H
  260  256  251  242  227  205  178  152  129  113  102   96   91   87   82   77
   73   70   67   66   66   70   79   93  111  128  145  159  174  191  212  235
  259  279  292  297  293  284  270  255  245  241  246  259  276  294  309  319
  322  321  316  310  303  295  286  278  273  273  277  282  281  271  254  235
  221  216  222  234  247  257  262  262  260
    45.0-180.0 180.0   5.0 450.0                            LAT/LON1/LON2/DLON/H
  251  245  240  235  224  208  186  162  141  125  114  106  100   94   88   83
   80   78   76   75   76   79   88  102  119  136  152  166  180  196  217  240
  264  285  301  309  310  303  290  275  262  256  259  271  289  309  325  336
  341  340  335  328  320  311  301  290  282  281  285  291  294  287  272  255
  241  236  240  250  260  265  264  258  251
    42.5-180.0 180.0   5.0 450.0                            LAT/LON1/LON2/DLON/H
  230  220  215  212  208  200  185  167  150  136  126  118  111  104   97   92
   89   89   89   89   90   92   99  111  127  144  160  174  188  204  223  246
  269  290  306  318  323  322  314  301  288  280  282  293  311  331  348  360
  366  364  358  350  341  332  321  307  295  288  288  293  296  292  280  265
  254  250  253  260  265  264  256  243  230
    40.0-180.0 180.0   5.0 450.0                            LAT/LON1/LON2/DLON/H
  203  188  182  182  184  183  177  166  155  145  137  131  123  115  108  103
  101  102  104  105  105  106  111  120  133  149  165  180  195  212  230  250
  270  289  306  320  332  339  338  330  320  313  314  325  342  362  380  393
  398  396  389  380  371  363  351  335  318  303  296  295  295  291  281  269
  260  257  259  263  262  256  242  222  203
    37.5-180.0 180.0   5.0 450.0                            LAT/LON1/LON2/DLON/H
  182  163  154  154  159  163  164  160  155  150  146  142  136  129  122  116
  115  116  119  121  120  119  121  126  137  152  168  184  201  218  236  253
  268  283  299  316  335  351  361  361  356  352  355  365  382  401  420  434
  442  441  432  423  415  410  401  385  363  340  321  309  300  291  280  271
  265  264  264  264  259  248  230  206  182
    35.0-180.0 180.0   5.0 450.0                            LAT/LON1/LON2/DLON/H
  179  156  142  139  144  149  153  153  152  151  151  151  148  143  136  131
  129  130  133  135  134  131  129  131  139  152  168  186  205  223  239  253
  263  273  287  307  334  360  381  391  393  393  398  410  427  447  467  485
  496  498  491  482  478  478  476  464  439  406  374  347  324  305  290  281
  277  276  275  270  261  248  230  206  179
    32.5-180.0 180.0   5.0 450.0                            LAT/LON1/LON2/DLON/H
  199  173  155  146  146  148  149  149  150  152  155  158  159  156  151  146
  143  143  145  146  144  140  137  136  142  153  168  187  207  226  241  251
  257  263  275  298  331  367  398  417  426  431  440  454  472  493  517  541
  559  566  563  557  559  568  577  571  547  507  460  414  374  341  318  306
  303  302  298  289  277  263  247  225  199
    30.0-180.0 180.0   5.0 450.0                            LAT/LON1/LON2/DLON/H
  240  214  192  177  168  163  159  155  154  156  161  166  170  170  166  160
  156  154  154  154  152  148  144  143  147  156  171  189  209  228  242  249
  252  256  268  293  331  374  413  438  453  462  474  491  511  536  565  596
  624  639  642  643  652  673  694  699  678  633  574  511  451  402  368  353
  349  346  338  323  308  294  281  264  240
    27.5-180.0 180.0   5.0 450.0                            LAT/LON1/LON2/DLON/H
  294  270  245  225  209  195  183  173  168  168  172  178  182  182  179  172
  166  162  160  160  158  155  153  154  157  164  176  192  212  230  243  249
  252  256  269  296  336  383  426  455  472  483  497  517  541  569  604  645
  683  708  719  727  745  778  812  829  815  769  701  623  546  481  438  417
  411  406  393  372  352  337  326  313  294
    25.0-180.0 180.0   5.0 450.0                            LAT/LON1/LON2/DLON/H
  346  325  302  279  257  237  218  204  195  191  192  194  196  195  190  182
  173  167  164  163  162  162  163  166  170  175  183  197  214  231  245  253
  257  265  280  308  349  396  438  466  483  495  510  532  559  591  631  679
  727  761  780  795  821  864  910  938  931  888  818  733  645  569  517  491
  483  476  457  429  401  382  371  361  346
    22.5-180.0 180.0   5.0 450.0                            LAT/LON1/LON2/DLON/H
  382  366  347  326  304  281  260  243  232  225  221  217  214  209  201  190
  179  171  167  165  165  168  174  180  184  187  191  200  216  233  247  259
  268  281  301  330  368  411  448  474  488  498  514  538  567  601  644  696
  749  789  814  834  865  913  966 1001 1002  967  902  818  728  648  592  565
  554  543  519  483  447  421  405  394  382
    20.0-180.0 180.0   5.0 450.0                            LAT/LON1/LON2/DLON/H
  393  382  370  355  337  317  298  285  275  266  256  246  235  224  212  198
  185  175  170  167  169  174  183  191  195  195  195  201  215  233  250  266
  283  302  326  355  390  426  457  478  489  498  514  539  569  604  645  695
  746  786  812  833  865  914  967 1004 1011  986  934  862  782  707  653  625
  613  599  569  526  480  444  420  404  393
    17.5-180.0 180.0   5.0 450.0                            LAT/LON1/LON2/DLON/H
  378  372  369  362  351  338  327  321  316  308  294  277  259  241  224  207
  192  181  174  172  173  179  189  198  201  197  193  197  211  231  252  273
  297  323  352  380  409  438  463  480  488  497  513  539  570  602  638  680
  722  754  775  792  820  863  910  944  955  942  909  859  797  736  689  664
  651  633  599  550  497  449  414  391  378
    15.0-180.0 180.0   5.0 450.0                            LAT/LON1/LON2/DLON/H
  348  346  349  350  346  342  342  346  349  344  329  306  282  259  238  218
  202  190  182  178  178  183  192  199  199  191  184  187  203  227  253  279
  308  340  371  398  422  444  464  479  488  497  515  543  573  602  629  657
  683  702  712  722  741  774  809  835  847  847  837  815  779  737  701  679
  665  644  607  555  497  441  395  363  348
    12.5-180.0 180.0   5.0 450.0                            LAT/LON1/LON2/DLON/H
  318  318  326  331  332  333  343  358  370  370  355  330  303  277  253  232
  214  201  192  186  183  185  190  194  189  178  169  173  193  221  251  282
  314  350  382  407  425  442  460  475  486  499  519  549  580  606  624  636
  643  644  640  639  649  668  689  704  715  727  740  746  738  717  694  675
  657  633  595  544  486  426  373  335  318
    10.0-180.0 180.0   5.0 450.0                            LAT/LON1/LON2/DLON/H
  305  307  315  319  318  321  335  357  377  381  369  344  317  291  267  246
  227  213  202  194  189  186  186  184  174  160  150  157  182  216  249  281
  315  351  383  405  419  433  449  467  483  500  524  556  590  615  626  624
  613  596  579  568  568  575  581  585  594  615  647  676  691  688  675  657
  635  607  570  525  472  415  361  322  305
     7.5-180.0 180.0   5.0 450.0                            LAT/LON1/LON2/DLON/H
  320  324  331  328  319  316  328  352  373  380  370  348  323  300  278  258
  239  223  211  201  192  186  180  172  157  141  132  143  172  211  247  279
  311  345  374  394  405  417  434  455  476  497  524  560  598  626  636  627
  603  572  545  529  523  521  516  511  516  542  584  626  654  661  653  633
  606  574  540  504  462  415  368  333  320
     5.0-180.0 180.0   5.0 450.0                            LAT/LON1/LON2/DLON/H
  368  375  377  365  343  328  330  348  366  371  361  341  320  301  283  264
  245  228  215  204  193  183  173  160  142  124  118  132  166  207  244  275
  304  334  360  378  387  397  415  438  462  487  516  556  599  635  651  643
  615  581  551  534  527  521  511  500  502  527  568  610  637  644  633  609
  576  542  511  486  461  429  395  372  368
     2.5-180.0 180.0   5.0 450.0                            LAT/LON1/LON2/DLON/H
  437  450  449  426  390  359  348  353  362  361  347  328  310  295  281  264
  245  227  212  200  190  178  165  149  130  113  108  125  162  204  241  270
  295  321  344  359  367  376  393  418  443  468  499  541  591  638  666  668
  648  618  594  583  582  579  569  556  555  572  601  627  640  635  616  585
  548  512  487  474  465  452  436  430  437
