data/rinex/file_creator/COD0OPSFIN_20232230000_01D_01H_GIM.INX
     1.0            IONOSPHERE MAPS     GNSS                IONEX VERSION / TYPE
ADDNEQ2 V5.5        AIUB                15-AUG-23 21:18     PGM / RUN BY / DATE 
CODE'S GLOBAL IONOSPHERE MAPS FOR DAY 223, 2023             COMMENT             
Global ionosphere maps (GIM) are generated on a daily basis DESCRIPTION         
at CODE using data from about 300 GNSS sites of the IGS and DESCRIPTION         
other institutions. The vertical total electron content     DESCRIPTION         
(VTEC) is modeled in a solar-geomagnetic reference frame    DESCRIPTION         
using a spherical harmonics expansion up to degree and      DESCRIPTION         
order 15. Piece-wise linear functions are used for          DESCRIPTION         
representation in the time domain. The time spacing of      DESCRIPTION         
their vertices is 1 hour, conforming with the epochs of the DESCRIPTION         
VTEC maps.                                                  DESCRIPTION         
To convert line-of-sight TEC into vertical TEC, a modified  DESCRIPTION         
single-layer model mapping function approximating the JPL   DESCRIPTION         
extended slab model mapping function is adopted. The        DESCRIPTION         
mapping function is evaluated at geodetic satellite         DESCRIPTION         
elevation angles. For the computation of the ionospheric    DESCRIPTION         
pierce points, a spherical layer with a radius of 6821 km   DESCRIPTION         
is assumed, implying geocentric, not geodetic IONEX         DESCRIPTION         
latitudes.                                                  DESCRIPTION         
Instrumental biases with respect to each involved GNSS code DESCRIPTION         
observable are estimated as constant values for each        DESCRIPTION         
day. They are modeled with one set of bias parameters for   DESCRIPTION         
each satellite and each station in case of GPS and for each DESCRIPTION         
satellite-station link in case of GLONASS. The code bias    DESCRIPTION         
datum is defined by zero-mean conditions imposed on the     DESCRIPTION         
satellite bias estimates. In this file, just GPS C1W-C2W    DESCRIPTION         
satellite and station bias values are included. The         DESCRIPTION         
complete set of GNSS code bias results is provided in an    DESCRIPTION         
additional Bias-SINEX file as pseudo-absolute values        DESCRIPTION         
specific to each observable.                                DESCRIPTION         
Note: These GIM results correspond to the results for the   DESCRIPTION         
middle day of a 3-day combination analysis solving for 73   DESCRIPTION         
times 256, or 18688 VTEC parameters and 3 daily sets of     DESCRIPTION         
GNSS code bias parameters.                                  DESCRIPTION         
Contact address: code(at)aiub.unibe.ch                      DESCRIPTION         
Data archive:    ftp.aiub.unibe.ch/CODE/                    DESCRIPTION         
                 www.aiub.unibe.ch/download/CODE/           DESCRIPTION         
  2023     8    11     0     0     0                        EPOCH OF FIRST MAP  
  2023     8    12     0     0     0                        EPOCH OF LAST MAP   
  3600                                                      INTERVAL            
[...]
bshm cags cas1 ccj2 cedu chpg chpi chti chur cnmr coco cord COMMENT             
cpvg cpxf crar cro1 darw dav1 dgar dhlg drao dubo ebre faa1 COMMENT             
flin flrs frdn ftna func ganp glps glsv gode godz gol2 gold COMMENT             
gope gras graz guat guug harb hers hert hlfx hnpt hob2 hofn COMMENT             
holb hrao hyde ieng iisc ineg invk iqal jog2 joz2 joze karr COMMENT             
kerg kir0 kiri kiru kit3 kokb kokv kouc koug kour krgg laut COMMENT             
lhaz lmmf lpal lpgs m0se mac1 madr mal2 mana mas1 mat1 mate COMMENT             
maui maw1 mcm4 mdo1 mdvj medi mets mgue mizu mkea mnls mobs COMMENT             
monp morp mqzg mro1 nano naur nico nist nium nklg nlib nnor COMMENT             
not1 nrc1 nrmd ntus nya1 nyal onsa opmt ous2 pado park pdel COMMENT             
penc pert pie1 pimo pohn pol2 polv pots pove prds ptag ptbb COMMENT             
ptvl qaq1 quin rabt ramo reun reyk rgdg rio2 riop roth salu COMMENT             
samo sant savo sch2 scor scrz sctb scub seyg sfer shao smst COMMENT             
sofi spt0 sthl stjo stk2 str2 suth sutm sydn syog tabl tabv COMMENT             
tash thtg thti thu2 tid1 tidb tlse tow2 tro1 tskb tuva twtf COMMENT             
txes uclu ufpr ulab unb3 unbj unsa urum usn7 usud vald vill COMMENT             
voim vtsp wab1 wab2 wark wgtn whit will wind wsrt wtza wtzl COMMENT             
wtzr wtzs wtzz wuhn xmis yar2 yar3 yarr yell ykro zamb zeck COMMENT             
zim2 zim3 zimm                                              COMMENT             
                                                            END OF HEADER       
[from data line 6864]
    17                                                      START OF TEC MAP    
  2023     8    11    16     0     0                        EPOCH OF CURRENT MAP
    87.5-180.0 180.0   5.0 450.0                            LAT/LON1/LON2/DLON/H
  218  219  221  223  224  226  228  229  231  233  234  236  237  238  239  240
  241  242  242  243  243  243  243  243  243  242  242  241  240  240  239  238
  237  236  234  233  232  231  230  229  227  226  225  224  223  222  221  220
  219  218  217  216  215  214  213  212  212  211  211  210  210  210  210  210
  210  211  211  212  213  214  215  216  218
    85.0-180.0 180.0   5.0 450.0                            LAT/LON1/LON2/DLON/H
  200  203  207  210  214  218  221  225  228  232  235  237  240  242  244  245
  247  248  249  249  250  250  250  249  249  248  247  246  244  243  241  239
  238  236  233  231  229  227  225  223  222  220  218  217  216  214  213  212
  211  209  208  207  205  203  202  200  198  196  194  192  191  189  188  187
  187  187  187  188  190  192  194  197  200
    82.5-180.0 180.0   5.0 450.0                            LAT/LON1/LON2/DLON/H
  178  183  188  194  200  206  211  216  221  225  229  233  236  239  241  243
  244  246  247  247  248  248  248  248  247  247  246  244  243  241  239  237
  234  231  229  226  223  220  218  216  214  213  211  210  210  209  209  209
  208  208  207  206  204  202  199  196  192  188  184  180  176  172  168  166
  163  162  162  162  164  166  169  173  178
    80.0-180.0 180.0   5.0 450.0                            LAT/LON1/LON2/DLON/H
  156  163  171  178  185  192  199  205  211  216  220  224  227  230  232  234
  236  237  238  239  239  240  240  241  241  241  240  239  238  237  235  232
  229  226  223  220  216  213  211  209  207  206  206  207  207  209  210  212
  213  214  214  214  213  210  207  202  197  190  183  176  168  161  154  148
  143  140  138  137  138  141  145  150  156
    77.5-180.0 180.0   5.0 450.0                            LAT/LON1/LON2/DLON/H
  140  148  157  166  174  182  189  196  201  206  210  214  217  220  222  223
  225  226  227  228  229  230  232  233  234  234  235  235  234  233  231  229
  226  223  219  216  212  208  206  204  203  203  204  206  208  212  215  219
  223  225  227  228  228  226  222  216  209  201  191  180  169  158  147  138
  130  124  120  118  119  121  126  132  140
    75.0-180.0 180.0   5.0 450.0                            LAT/LON1/LON2/DLON/H
  132  141  151  160  169  177  184  190  195  199  203  206  209  211  213  215
  216  218  219  221  223  224  226  228  230  231  232  233  233  232  231  229
  226  223  219  214  210  206  203  201  201  201  203  207  211  216  222  228
  233  237  241  243  243  242  238  232  224  214  202  189  175  161  147  134
  124  116  110  107  108  110  116  123  132
    72.5-180.0 180.0   5.0 450.0                            LAT/LON1/LON2/DLON/H
  132  142  152  162  171  178  184  189  193  196  200  203  205  208  210  212
  214  216  218  220  222  225  227  229  231  233  234  234  235  234  233  231
  229  225  221  216  211  206  203  201  200  201  204  209  214  220  226  233
  239  244  248  250  251  251  247  242  234  224  211  197  182  166  151  137
  125  115  109  105  105  108  114  122  132
    70.0-180.0 180.0   5.0 450.0                            LAT/LON1/LON2/DLON/H
  138  149  160  170  178  185  189  193  196  199  201  205  208  211  214  217
  219  222  224  227  229  232  234  236  238  239  239  239  239  238  237  236
  233  229  224  219  213  208  203  201  200  201  204  209  214  220  226  231
  236  241  244  247  248  247  245  240  234  224  213  200  185  170  155  141
  129  119  113  110  110  113  119  128  138
    67.5-180.0 180.0   5.0 450.0                            LAT/LON1/LON2/DLON/H
  146  158  169  180  188  194  198  200  202  204  207  211  215  219  223  226
  229  232  235  238  241  243  245  247  247  247  246  245  244  243  242  240
  238  234  229  223  216  209  204  200  199  200  203  206  211  215  219  223
  226  228  229  230  231  230  229  226  221  214  205  194  182  169  156  144
  134  125  120  117  117  120  126  135  146
    65.0-180.0 180.0   5.0 450.0                            LAT/LON1/LON2/DLON/H
  150  163  176  188  197  203  206  207  208  210  213  218  223  228  233  236
  239  242  245  249  252  255  256  257  256  254  251  249  247  246  245  244
  243  239  234  227  219  211  204  199  197  197  199  202  204  207  208  209
  209  208  207  206  205  204  203  201  199  195  189  182  173  163  153  144
  136  130  126  123  123  125  130  138  150
    62.5-180.0 180.0   5.0 450.0                            LAT/LON1/LON2/DLON/H
  146  160  175  190  201  208  211  212  213  215  219  224  230  235  240  244
  247  249  252  256  259  261  263  262  260  257  253  250  248  247  247  248
  248  245  240  232  222  212  204  197  194  193  194  196  197  198  197  195
  192  189  185  182  179  176  175  174  173  172  169  165  160  153  147  141
  136  132  129  127  125  125  128  135  146
    60.0-180.0 180.0   5.0 450.0                            LAT/LON1/LON2/DLON/H
  134  149  166  184  198  207  212  214  214  216  221  226  232  238  242  245
  247  250  253  256  259  261  262  261  259  255  252  248  247  247  250  252
  254  253  248  239  228  215  204  196  192  190  191  192  193  192  189  185
  181  176  170  165  160  156  153  152  152  152  152  151  148  144  140  136
  134  131  129  126  122  120  120  124  134
    57.5-180.0 180.0   5.0 450.0                            LAT/LON1/LON2/DLON/H
  115  131  150  171  189  202  208  211  213  215  219  225  231  235  238  240
  242  244  246  249  252  254  255  254  252  250  247  246  246  249  253  258
  262  262  258  249  235  220  207  197  192  191  192  193  193  192  189  185
  180  175  169  162  155  149  144  142  142  143  144  143  141  138  135  132
  130  129  127  122  117  110  106  107  115
    55.0-180.0 180.0   5.0 450.0                            LAT/LON1/LON2/DLON/H
   96  110  131  155  177  193  202  207  210  213  217  222  226  229  230  231
  232  234  236  239  241  242  243  243  243  243  243  244  247  252  259  266
  272  274  271  261  246  229  213  202  196  195  197  199  200  199  197  194
  190  186  180  173  165  156  149  145  144  145  146  145  143  139  135  131
  129  127  124  119  111  102   93   90   96
    52.5-180.0 180.0   5.0 450.0                            LAT/LON1/LON2/DLON/H
   80   92  114  139  164  183  196  203  208  212  216  219  221  221  220  219
  220  223  226  229  230  231  232  233  236  238  242  246  252  258  267  276
  284  288  285  275  259  240  223  210  204  204  208  211  213  213  212  210
  209  206  201  194  184  173  164  158  156  156  157  156  153  147  141  135
  131  128  125  119  110   98   86   79   80
    50.0-180.0 180.0   5.0 450.0                            LAT/LON1/LON2/DLON/H
   75   83  102  128  154  176  192  203  210  215  219  220  218  215  211  210
  212  216  220  223  224  225  226  228  233  239  246  253  260  268  277  287
  296  301  300  291  275  255  236  223  217  218  222  227  230  230  230  229
  229  228  224  216  205  193  181  174  171  171  172  172  168  161  152  143
  137  133  129  123  114  102   88   77   75
    47.5-180.0 180.0   5.0 450.0                            LAT/LON1/LON2/DLON/H
   81   85  100  123  149  173  192  206  216  224  227  226  221  213  207  205
  208  213  219  223  224  225  226  231  238  247  257  265  272  280  288  297
  307  314  315  307  292  273  254  240  234  235  240  244  247  247  246  245
  245  244  240  232  220  206  194  185  182  183  185  186  183  176  165  155
  146  141  137  133  126  114  101   88   81
    45.0-180.0 180.0   5.0 450.0                            LAT/LON1/LON2/DLON/H
   99   97  106  125  149  174  195  213  228  238  242  239  229  217  208  205
  209  217  225  230  232  233  235  241  250  260  271  280  286  292  298  306
  316  325  329  325  312  294  275  260  253  253  257  261  262  260  257  255
  253  251  246  237  224  209  197  188  185  187  191  195  194  188  179  167
  157  151  147  145  142  134  122  109   99
    42.5-180.0 180.0   5.0 450.0                            LAT/LON1/LON2/DLON/H
  123  115  118  131  153  177  201  223  242  255  261  257  244  228  216  212
  216  225  234  240  243  246  249  256  266  277  287  295  300  304  308  316
  326  337  344  344  335  319  300  285  276  273  275  276  274  269  263  259
  255  251  243  232  218  204  192  184  181  184  190  196  199  197  189  178
  169  162  159  159  159  156  148  135  123
    40.0-180.0 180.0   5.0 450.0                            LAT/LON1/LON2/DLON/H
  147  135  131  139  156  180  206  232  256  274  282  278  263  245  231  225
  227  235  244  251  257  261  266  274  283  293  302  309  313  316  320  328
  339  353  364  367  362  348  330  313  301  295  292  289  284  276  268  261
  256  249  239  226  212  198  187  179  176  178  185  193  199  200  196  188
  179  172  169  170  173  175  171  161  147
    37.5-180.0 180.0   5.0 450.0                            LAT/LON1/LON2/DLON/H
  165  150  142  145  158  180  208  238  267  290  302  299  286  267  250  242
  241  246  254  261  269  276  283  290  298  307  315  322  327  332  338  347
  360  376  390  397  394  382  364  345  329  318  310  303  295  286  277  270
  263  255  243  229  215  203  193  184  179  178  182  191  199  203  201  195
  187  181  177  178  182  187  187  179  165
    35.0-180.0 180.0   5.0 450.0                            LAT/LON1/LON2/DLON/H
  173  158  147  146  157  178  207  240  273  301  317  319  308  291  275  263
  258  258  263  270  279  289  297  304  310  317  325  335  345  354  364  377
  393  410  425  433  432  421  402  380  360  343  331  322  312  303  296  291
  286  278  266  251  238  228  218  208  198  191  190  196  203  207  207  202
  195  188  184  182  185  189  191  186  173
    32.5-180.0 180.0   5.0 450.0                            LAT/LON1/LON2/DLON/H
  171  156  145  142  152  173  202  237  274  306  327  334  329  317  302  289
  278  272  272  278  289  300  309  314  318  324  335  351  368  385  402  420
  437  454  468  475  473  461  441  417  393  373  358  347  338  332  329  328
  327  321  310  297  285  277  268  255  238  223  215  214  217  219  216  211
  204  196  189  184  182  183  185  181  171
    30.0-180.0 180.0   5.0 450.0                            LAT/LON1/LON2/DLON/H
  160  148  138  136  145  166  196  232  269  304  329  344  347  342  331  317
  302  289  284  288  299  311  319  322  324  332  348  372  400  428  453  474
  493  508  518  521  516  501  479  453  427  405  390  381  375  373  374  379
  383  381  372  361  351  344  336  320  297  273  255  247  243  239  231  223
  214  205  195  185  177  173  171  168  160
    27.5-180.0 180.0   5.0 450.0                            LAT/LON1/LON2/DLON/H
  145  136  129  129  138  159  188  224  262  297  326  347  359  364  359  347
  328  311  301  303  313  324  329  330  333  344  368  402  441  479  512  537
  554  565  569  566  555  537  513  486  461  440  428  422  420  422  428  437
  445  447  440  430  422  417  409  391  363  331  306  290  279  267  252  237
  226  216  204  189  174  163  156  151  145
    25.0-180.0 180.0   5.0 450.0                            LAT/LON1/LON2/DLON/H
  132  126  122  124  134  154  183  217  253  288  318  344  365  379  383  375
  356  336  324  324  332  340  343  342  346  362  395  440  490  536  573  599
  614  619  616  605  588  566  541  516  493  477  470  469  470  473  480  490
  499  502  497  487  480  477  470  452  421  386  356  336  318  299  276  254
  239  228  215  198  177  158  146  138  132
    22.5-180.0 180.0   5.0 450.0                            LAT/LON1/LON2/DLON/H
  127  122  120  122  132  151  179  211  245  277  307  336  363  387  400  397
  382  362  351  350  356  360  360  358  366  389  431  484  540  590  629  653
  664  663  653  635  613  588  563  540  523  513  513  516  519  520  521  526
  532  533  526  516  508  507  503  487  458  424  395  374  354  329  299  271
  252  241  229  211  186  162  144  133  127
    20.0-180.0 180.0   5.0 450.0                            LAT/LON1/LON2/DLON/H
  130  125  123  124  133  151  177  208  239  268  295  324  355  386  407  412
  402  387  378  377  381  383  380  380  393  424  472  529  587  636  672  692
  698  692  677  655  629  603  580  561  550  548  554  560  561  554  544  538
  535  531  520  507  499  498  497  486  463  435  412  396  379  352  318  285
  264  253  244  228  203  175  152  138  130
    17.5-180.0 180.0   5.0 450.0                            LAT/LON1/LON2/DLON/H
  142  135  130  129  135  151  176  205  235  261  285  311  343  377  404  416
  414  406  401  403  406  405  402  406  426  464  515  572  625  668  697  712
  714  706  689  666  640  615  594  580  575  579  589  596  591  572  546  524
  509  496  480  464  453  453  455  451  437  418  405  398  387  364  329  295
  273  263  258  247  224  196  171  153  142
    15.0-180.0 180.0   5.0 450.0                            LAT/LON1/LON2/DLON/H
  159  148  140  135  137  150  173  203  232  257  277  299  328  362  392  411
  417  417  418  422  425  425  425  435  463  506  557  607  650  684  705  714
  714  706  691  672  649  626  609  599  598  607  618  621  607  573  530  490
  462  440  420  400  387  386  391  394  388  380  378  380  378  362  331  299
  278  271  270  264  246  221  194  174  159
    12.5-180.0 180.0   5.0 450.0                            LAT/LON1/LON2/DLON/H
  178  163  150  140  137  147  169  200  230  255  273  291  315  346  377  401
  413  420  427  434  439  441  447  466  501  546  592  632  664  686  700  704
  703  697  688  675  658  640  626  619  620  628  636  633  609  561  503  449
  410  383  360  338  323  320  326  332  333  334  339  350  357  348  325  297
  279  275  278  277  265  244  219  196  178
    10.0-180.0 180.0   5.0 450.0                            LAT/LON1/LON2/DLON/H
  194  175  157  142  135  141  162  194  228  256  275  289  308  334  364  389
  406  419  430  440  448  454  468  496  537  581  620  648  667  680  687  689
  687  685  683  678  668  656  645  639  639  643  644  633  599  543  475  415
  372  344  322  301  284  278  282  288  291  294  302  317  329  328  313  291
  277  274  280  284  278  261  238  215  194
     7.5-180.0 180.0   5.0 450.0                            LAT/LON1/LON2/DLON/H
  204  181  160  142  132  135  154  188  226  259  281  295  310  331  357  382
  402  417  430  442  453  466  489  524  569  611  640  656  666  672  676  675
  674  675  679  681  679  672  663  656  652  648  640  621  582  523  456  398
  359  337  321  303  285  275  273  274  274  274  279  290  301  305  297  282
  271  270  276  283  281  269  250  227  204
     5.0-180.0 180.0   5.0 450.0                            LAT/LON1/LON2/DLON/H
  206  182  160  140  128  128  146  181  224  263  291  307  320  338  361  385
  404  418  432  445  460  480  510  552  597  633  652  660  664  668  671  669
  666  667  674  682  685  682  675  667  657  644  625  598  559  506  450  404
  377  367  361  348  330  313  302  296  288  279  273  275  281  284  280  271
  263  261  267  274  275  267  251  229  206
     2.5-180.0 180.0   5.0 450.0                            LAT/LON1/LON2/DLON/H
  200  177  156  137  125  124  140  175  222  268  303  324  338  355  376  398
  415  427  439  453  471  496  533  577  619  648  660  662  665  671  674  670
  662  660  666  676  683  682  675  665  649  627  599  568  532  492  454  428
  420  425  430  423  404  381  360  343  324  304  285  273  269  267  264  257
  251  248  251  257  260  256  243  223  200
