data/rinex/file_creator/COD0OPSFIN_20232230000_01D_01H_GIM.INX
     1.0            IONOSPHERE MAPS     GNSS                IONEX VERSION / TYPE
ADDNEQ2 V5.5        AIUB                15-AUG-23 21:18     PGM / RUN BY / DATE 
CODE'S GLOBAL IONOSPHERE MAPS FOR DAY 223, 2023             COMMENT             
Global ionosphere maps (GIM) are generated on a daily basis DESCRIPTION         
at CODE using data from about 300 GNSS sites of the IGS and DESCRIPTION         
other institutions. The vertical total electron content     DESCRIPTION         
(VTEC) is modeled in a solar-geomagnetic reference frame    DESCRIPTION         
using a spherical harmonics expansion up to degree and      DESCRIPTION         
order 15. Piece-wise linear functions are used for          DESCRIPTION         
representation in the time domain. The time spacing of      DESCRIPTION         
their vertices is 1 hour, conforming with the epochs of the DESCRIPTION         
VTEC maps.                                                  DESCRIPTION         
To convert line-of-sight TEC into vertical TEC, a modified  DESCRIPTION         
single-layer model mapping function approximating the JPL   DESCRIPTION         
extended slab model mapping function is adopted. The        DESCRIPTION         
mapping function is evaluated at geodetic satellite         DESCRIPTION         
elevation angles. For the computation of the ionospheric    DESCRIPTION         
pierce points, a spherical layer with a radius of 6821 km   DESCRIPTION         
is assumed, implying geocentric, not geodetic IONEX         DESCRIPTION         
latitudes.                                                  DESCRIPTION         
Instrumental biases with respect to each involved GNSS code DESCRIPTION         
observable are estimated as constant values for each        DESCRIPTION         
day. They are modeled with one set of bias parameters for   DESCRIPTION         
each satellite and each station in case of GPS and for each DESCRIPTION         
satellite-station link in case of GLONASS. The code bias    DESCRIPTION         
datum is defined by zero-mean conditions imposed on the     DESCRIPTION         
satellite bias estimates. In this file, just GPS C1W-C2W    DESCRIPTION         
satellite and station bias values are included. The         DESCRIPTION         
complete set of GNSS code bias results is provided in an    DESCRIPTION         
additional Bias-SINEX file as pseudo-absolute values        DESCRIPTION         
specific to each observable.                                DESCRIPTION         
Note: These GIM results correspond to the results for the   DESCRIPTION         
middle day of a 3-day combination analysis solving for 73   DESCRIPTION         
times 256, or 18688 VTEC parameters and 3 daily sets of     DESCRIPTION         
GNSS code bias parameters.                                  DESCRIPTION         
Contact address: code(at)aiub.unibe.ch                      DESCRIPTION         
Data archive:    ftp.aiub.unibe.ch/CODE/                    DESCRIPTION         
                 www.aiub.unibe.ch/download/CODE/           DESCRIPTION         
  2023     8    11     0     0     0                        EPOCH OF FIRST MAP  
  2023     8    12     0     0     0                        EPOCH OF LAST MAP   
  3600                                                      INTERVAL            
[...]
bshm cags cas1 ccj2 cedu chpg chpi chti chur cnmr coco cord COMMENT             
cpvg cpxf crar cro1 darw dav1 dgar dhlg drao dubo ebre faa1 COMMENT             
flin flrs frdn ftna func ganp glps glsv gode godz gol2 gold COMMENT             
gope gras graz guat guug harb hers hert hlfx hnpt hob2 hofn COMMENT             
holb hrao hyde ieng iisc ineg invk iqal jog2 joz2 joze karr COMMENT             
kerg kir0 kiri kiru kit3 kokb kokv kouc koug kour krgg laut COMMENT             
lhaz lmmf lpal lpgs m0se mac1 madr mal2 mana mas1 mat1 mate COMMENT             
maui maw1 mcm4 mdo1 mdvj medi mets mgue mizu mkea mnls mobs COMMENT             
monp morp mqzg mro1 nano naur nico nist nium nklg nlib nnor COMMENT             
not1 nrc1 nrmd ntus nya1 nyal onsa opmt ous2 pado park pdel COMMENT             
penc pert pie1 pimo pohn pol2 polv pots pove prds ptag ptbb COMMENT             
ptvl qaq1 quin rabt ramo reun reyk rgdg rio2 riop roth salu COMMENT             
samo sant savo sch2 scor scrz sctb scub seyg sfer shao smst COMMENT             
sofi spt0 sthl stjo stk2 str2 suth sutm sydn syog tabl tabv COMMENT             
tash thtg thti thu2 tid1 tidb tlse tow2 tro1 tskb tuva twtf COMMENT             
txes uclu ufpr ulab unb3 unbj unsa urum usn7 usud vald vill COMMENT             
voim vtsp wab1 wab2 wark wgtn whit will wind wsrt wtza wtzl COMMENT             
wtzr wtzs wtzz wuhn xmis yar2 yar3 yarr yell ykro zamb zeck COMMENT             
zim2 zim3 zimm                                              COMMENT             
                                                            END OF HEADER       
[from data line 5148]
    13                                                      START OF TEC MAP    
  2023     8    11    12     0     0                        EPOCH OF CURRENT MAP
    87.5-180.0 180.0   5.0 450.0                            LAT/LON1/LON2/DLON/H
  171  171  171  171  172  173  173  174  175  177  178  179  181  182  183  185
  186  188  189  190  191  192  193  194  195  196  196  197  197  197  197  198
  198  198  197  197  197  197  197  197  196  196  196  195  195  195  194  194
  193  193  192  191  191  190  189  188  187  186  184  183  182  181  179  178
  177  176  175  174  173  172  172  171  171
    85.0-180.0 180.0   5.0 450.0                            LAT/LON1/LON2/DLON/H
  158  158  158  159  160  161  163  166  168  171  174  177  180  183  186  189
  191  194  197  199  201  203  205  206  207  208  209  209  209  209  209  208
  208  208  207  206  206  206  205  205  205  205  205  205  205  205  206  206
  206  206  206  206  205  205  203  202  200  198  196  193  190  187  184  180
  177  173  170  167  165  162  161  159  158
    82.5-180.0 180.0   5.0 450.0                            LAT/LON1/LON2/DLON/H
  149  148  148  149  151  153  156  160  163  168  172  176  181  185  189  193
  197  201  204  207  210  213  215  216  217  218  218  218  218  217  216  215
  214  213  212  211  210  209  209  209  209  210  211  213  214  216  218  220
  222  224  226  227  228  229  228  227  225  223  219  215  210  205  199  193
  186  180  174  168  162  158  154  151  149
    80.0-180.0 180.0   5.0 450.0                            LAT/LON1/LON2/DLON/H
  144  142  142  143  145  148  152  157  162  167  172  177  182  187  192  196
  201  205  209  212  216  218  221  222  223  223  223  223  221  220  218  216
  214  213  211  210  209  209  209  209  211  213  215  218  222  226  230  235
  239  244  248  252  256  258  259  259  258  255  251  246  239  232  223  214
  204  194  184  175  166  159  152  147  144
    77.5-180.0 180.0   5.0 450.0                            LAT/LON1/LON2/DLON/H
  143  140  139  140  143  147  152  157  162  167  173  178  182  187  191  196
  200  205  209  213  216  219  222  224  224  224  224  222  220  218  216  213
  211  209  207  206  205  205  206  208  210  213  217  221  227  233  240  247
  254  262  269  276  282  286  289  291  291  289  284  279  271  262  251  239
  226  213  199  186  174  164  155  148  143
    75.0-180.0 180.0   5.0 450.0                            LAT/LON1/LON2/DLON/H
  143  139  138  139  142  147  152  157  163  168  173  177  181  185  188  192
  196  201  205  210  214  217  220  222  223  223  222  220  217  214  211  208
  206  203  202  201  201  201  203  205  208  212  217  223  230  237  246  255
  264  274  283  292  300  307  312  314  315  314  310  304  297  287  275  261
  247  231  215  199  184  171  159  150  143
    72.5-180.0 180.0   5.0 450.0                            LAT/LON1/LON2/DLON/H
  144  139  137  138  141  145  151  156  162  166  170  174  176  179  182  186
  190  195  200  205  210  214  217  220  221  221  220  218  215  212  208  205
  202  200  198  198  198  199  201  204  207  212  217  223  230  238  246  256
  266  277  288  298  307  314  320  323  325  324  321  316  309  300  289  275
  261  244  227  210  193  177  164  153  144
    70.0-180.0 180.0   5.0 450.0                            LAT/LON1/LON2/DLON/H
  145  138  135  135  137  141  146  151  156  161  164  167  169  171  174  177
  182  187  193  199  205  211  215  218  220  220  220  218  215  212  209  206
  203  200  199  198  198  199  201  203  207  211  216  222  228  235  242  251
  260  271  281  291  299  307  312  315  317  316  314  310  304  297  288  277
  264  249  233  216  199  182  167  155  145
    67.5-180.0 180.0   5.0 450.0                            LAT/LON1/LON2/DLON/H
  145  137  131  128  128  131  135  140  145  150  153  156  158  160  164  168
  173  180  187  194  201  208  213  217  220  222  222  221  219  217  214  211
  209  206  203  202  201  201  202  204  208  212  216  220  225  229  235  241
  249  257  265  274  281  287  291  293  294  293  291  288  284  280  274  267
  257  245  232  217  201  185  170  156  145
    65.0-180.0 180.0   5.0 450.0                            LAT/LON1/LON2/DLON/H
  146  135  126  120  117  118  120  124  129  134  138  141  144  147  152  158
  165  172  181  189  197  204  211  216  221  224  226  227  227  226  224  222
  219  216  212  209  206  204  204  206  208  212  216  219  222  224  227  230
  235  240  246  252  258  262  264  264  263  261  259  257  255  253  250  247
  241  234  224  213  200  186  172  158  146
    62.5-180.0 180.0   5.0 450.0                            LAT/LON1/LON2/DLON/H
  148  135  123  112  105  102  103  106  110  115  120  124  128  133  139  147
  155  165  174  183  191  199  206  214  220  225  230  233  235  236  237  236
  233  230  224  218  213  208  206  206  209  212  216  220  221  222  222  222
  224  226  230  233  236  238  238  237  234  231  228  226  225  225  225  224
  223  219  214  206  197  187  175  162  148
    60.0-180.0 180.0   5.0 450.0                            LAT/LON1/LON2/DLON/H
  154  139  122  108   96   89   86   87   91   96  101  106  112  118  126  136
  146  156  166  175  183  191  200  209  217  225  232  238  243  247  249  250
  249  245  238  229  220  212  206  205  208  213  218  222  224  224  222  220
  219  219  221  222  224  224  223  220  217  212  209  206  205  204  205  206
  207  206  204  200  195  188  179  168  154
    57.5-180.0 180.0   5.0 450.0                            LAT/LON1/LON2/DLON/H
  163  146  127  108   92   80   75   74   76   81   86   91   97  104  114  125
  136  148  157  166  174  182  191  201  212  222  232  240  248  254  259  263
  263  260  252  240  227  215  207  204  207  213  221  228  231  231  229  226
  224  222  222  223  223  223  221  218  214  210  205  202  199  198  197  198
  198  198  197  195  193  190  185  176  163
    55.0-180.0 180.0   5.0 450.0                            LAT/LON1/LON2/DLON/H
  174  157  137  115   95   80   71   68   69   72   75   80   85   92  103  115
  127  139  149  157  164  172  182  193  206  218  229  240  249  258  266  273
  276  274  266  253  236  221  209  205  208  216  226  236  242  244  242  239
  236  234  233  233  233  233  231  229  226  222  218  214  210  206  203  200
  198  196  194  193  193  192  190  185  174
    52.5-180.0 180.0   5.0 450.0                            LAT/LON1/LON2/DLON/H
  184  169  149  127  106   88   77   71   70   70   72   74   77   84   94  106
  119  131  141  149  156  164  175  187  201  214  226  237  248  259  269  279
  286  287  281  267  249  231  216  210  212  221  234  247  255  259  259  256
  253  251  250  250  249  249  248  247  245  243  241  238  233  227  220  213
  206  201  196  194  193  194  194  192  184
    50.0-180.0 180.0   5.0 450.0                            LAT/LON1/LON2/DLON/H
  190  179  162  141  121  103   91   83   79   76   75   74   75   79   88  100
  113  126  136  144  151  160  171  185  199  212  224  235  246  257  271  284
  294  300  297  286  268  247  230  221  222  232  246  259  269  274  275  273
  271  269  267  266  265  264  263  263  263  264  265  263  258  251  241  230
  219  209  201  195  192  193  194  194  190
    47.5-180.0 180.0   5.0 450.0                            LAT/LON1/LON2/DLON/H
  191  184  171  155  138  122  109  100   93   88   83   79   77   78   85   96
  110  124  135  143  151  161  173  187  201  214  225  234  244  257  271  287
  302  313  315  308  292  272  254  242  241  248  261  274  284  289  290  288
  286  283  281  278  276  274  272  272  273  276  280  281  278  271  259  246
  232  218  206  196  190  188  190  192  191
    45.0-180.0 180.0   5.0 450.0                            LAT/LON1/LON2/DLON/H
  186  183  175  165  152  140  128  118  110  102   95   88   83   82   86   96
  110  124  136  147  156  168  181  195  208  219  228  237  246  258  273  291
  310  326  335  334  323  305  286  272  268  272  281  292  300  303  303  300
  296  292  289  285  281  277  273  271  272  276  283  287  287  281  270  256
  240  225  210  197  187  182  182  185  186
    42.5-180.0 180.0   5.0 450.0                            LAT/LON1/LON2/DLON/H
  176  176  173  168  162  154  144  135  125  117  108  100   93   89   91   99
  112  127  141  153  165  178  192  206  218  228  235  242  250  262  277  296
  318  339  355  362  357  344  326  311  303  303  308  314  318  319  317  312
  306  300  295  290  285  279  272  267  265  268  275  282  284  280  271  258
  244  229  213  198  185  177  174  175  176
    40.0-180.0 180.0   5.0 450.0                            LAT/LON1/LON2/DLON/H
  167  167  167  166  165  162  155  147  138  129  121  113  105   99   98  105
  117  132  147  162  176  190  205  218  229  237  243  249  258  269  284  303
  326  351  373  388  392  385  371  356  346  341  341  343  344  342  337  330
  322  313  306  301  295  289  280  270  262  260  265  271  274  272  264  253
  242  230  216  200  186  174  168  166  167
    37.5-180.0 180.0   5.0 450.0                            LAT/LON1/LON2/DLON/H
  160  159  159  161  164  165  161  154  146  139  132  126  118  111  108  112
  122  137  154  170  186  202  217  230  239  245  250  257  267  279  293  312
  334  361  389  411  424  425  417  404  392  385  382  381  379  376  370  361
  350  340  332  327  324  318  307  292  277  267  264  266  267  264  256  247
  239  231  220  206  191  178  169  163  160
    35.0-180.0 180.0   5.0 450.0                            LAT/LON1/LON2/DLON/H
  161  155  154  156  161  165  165  159  152  146  142  138  132  124  119  120
  128  143  160  178  195  212  227  238  246  250  256  264  276  290  305  322
  344  371  402  431  452  461  460  451  440  432  428  427  426  424  418  409
  397  386  378  376  377  375  364  344  320  298  284  277  271  264  254  246
  239  234  227  216  202  189  177  168  161
    32.5-180.0 180.0   5.0 450.0                            LAT/LON1/LON2/DLON/H
  170  160  155  156  161  167  168  164  158  153  151  149  144  136  129  127
  134  147  165  183  202  219  233  243  249  253  259  269  284  301  318  334
  354  381  413  446  475  492  498  494  487  481  479  480  483  485  483  476
  464  454  448  450  457  460  452  428  393  358  329  309  293  279  264  253
  246  243  239  230  219  206  194  182  170
    30.0-180.0 180.0   5.0 450.0                            LAT/LON1/LON2/DLON/H
  188  174  164  162  167  174  176  172  166  161  159  158  154  146  137  134
  138  151  168  187  206  223  236  245  249  252  259  273  292  313  332  350
  369  393  425  461  494  518  530  533  530  528  530  537  546  555  558  555
  547  538  535  542  556  566  561  534  490  441  396  361  333  309  287  271
  262  258  254  248  239  228  216  203  188
    27.5-180.0 180.0   5.0 450.0                            LAT/LON1/LON2/DLON/H
  212  194  181  176  180  186  189  185  177  170  166  164  160  152  143  138
  142  153  170  189  208  225  237  244  247  250  259  275  299  326  349  369
  388  411  442  477  512  540  558  566  569  571  578  591  608  624  635  637
  633  628  629  640  660  676  674  646  595  533  473  424  384  351  322  299
  285  278  273  268  260  251  241  228  212
    25.0-180.0 180.0   5.0 450.0                            LAT/LON1/LON2/DLON/H
  236  219  204  197  199  205  208  202  191  179  172  167  162  154  146  140
  143  154  171  190  209  225  236  242  245  249  259  279  308  340  369  393
  414  436  464  497  531  560  582  594  601  607  619  637  661  683  700  708
  709  708  712  727  749  768  769  742  686  615  544  484  436  395  361  333
  313  301  293  286  279  271  263  252  236
    22.5-180.0 180.0   5.0 450.0                            LAT/LON1/LON2/DLON/H
  259  243  229  222  222  227  228  221  206  189  176  167  161  153  145  140
  142  153  170  190  208  223  234  240  243  248  261  285  319  358  393  422
  445  468  494  523  554  582  604  618  627  636  649  671  697  723  743  755
  761  764  771  785  807  825  827  799  742  667  591  527  475  433  397  366
  342  324  312  302  294  287  280  271  259
    20.0-180.0 180.0   5.0 450.0                            LAT/LON1/LON2/DLON/H
  276  265  254  246  246  249  248  238  219  197  178  165  156  148  141  137
  140  151  168  188  206  221  231  237  242  250  266  295  334  379  420  454
  481  504  528  553  579  604  624  639  648  656  669  690  714  739  757  770
  779  785  793  805  821  835  834  807  752  679  604  542  494  456  424  393
  367  345  329  316  306  297  291  285  276
    17.5-180.0 180.0   5.0 450.0                            LAT/LON1/LON2/DLON/H
  289  282  275  268  266  266  262  250  227  201  177  161  151  142  135  132
  135  147  164  184  202  216  226  234  242  254  275  309  353  403  449  487
  517  541  563  584  605  625  643  656  664  670  679  695  713  730  743  752
  761  769  777  784  793  798  793  766  714  648  581  528  490  462  437  411
  385  361  343  328  315  305  298  293  289
    15.0-180.0 180.0   5.0 450.0                            LAT/LON1/LON2/DLON/H
  297  296  291  285  280  276  269  253  229  201  175  157  146  137  130  126
  129  141  159  179  197  211  222  232  244  262  289  328  376  429  477  517
  549  573  593  610  626  642  657  668  674  677  682  690  699  704  706  709
  715  723  730  733  732  727  715  688  643  586  532  491  467  453  439  419
  396  373  354  338  325  313  303  299  297
    12.5-180.0 180.0   5.0 450.0                            LAT/LON1/LON2/DLON/H
  306  307  305  297  287  278  266  249  224  197  172  155  143  134  126  121
  123  134  152  173  191  206  218  232  249  272  306  349  401  455  503  542
  572  595  613  627  640  652  664  674  679  680  681  682  680  672  661  653
  655  663  669  667  657  644  626  599  560  514  472  446  436  436  432  420
  400  380  363  350  337  323  311  305  306
    10.0-180.0 180.0   5.0 450.0                            LAT/LON1/LON2/DLON/H
  316  318  316  305  290  273  256  237  214  190  169  155  144  134  124  117
  116  126  145  166  186  202  217  234  256  286  325  373  426  479  523  557
  583  603  619  631  641  650  661  671  677  679  678  674  664  645  621  603
  598  605  610  606  592  572  551  524  491  454  423  408  409  418  423  415
  399  382  370  361  351  338  324  316  316
     7.5-180.0 180.0   5.0 450.0                            LAT/LON1/LON2/DLON/H
  329  330  326  311  289  265  243  222  201  182  167  156  147  137  124  113
  110  119  138  161  183  201  219  240  266  301  345  395  449  498  536  563
  582  597  610  620  628  637  648  660  668  673  674  670  656  630  597  571
  561  566  572  569  554  533  510  485  455  423  398  389  395  408  415  409
  395  381  375  372  367  355  341  331  329
     5.0-180.0 180.0   5.0 450.0                            LAT/LON1/LON2/DLON/H
  344  342  335  316  288  258  230  206  187  173  164  159  152  140  125  111
  106  113  132  156  181  204  225  249  279  317  363  415  466  511  541  559
  569  578  588  596  604  612  624  638  651  661  668  669  658  632  595  565
  551  555  563  564  553  535  515  492  463  431  405  394  398  408  411  402
  387  377  375  380  381  373  359  348  344
     2.5-180.0 180.0   5.0 450.0                            LAT/LON1/LON2/DLON/H
  357  353  342  320  288  253  220  194  176  165  162  160  155  143  126  110
  103  108  127  154  182  209  234  261  293  333  379  429  477  516  538  547
  549  551  557  564  570  579  592  608  625  641  657  667  665  645  613  583
  569  572  583  588  585  575  561  540  509  472  440  420  415  414  409  394
  376  366  369  380  388  385  374  363  357
