data/rinex/file_creator/COD0OPSFIN_20232230000_01D_01H_GIM.INX
     1.0            IONOSPHERE MAPS     GNSS                IONEX VERSION / TYPE
ADDNEQ2 V5.5        AIUB                15-AUG-23 21:18     PGM / RUN BY / DATE 
CODE'S GLOBAL IONOSPHERE MAPS FOR DAY 223, 2023             COMMENT             
Global ionosphere maps (GIM) are generated on a daily basis DESCRIPTION         
at CODE using data from about 300 GNSS sites of the IGS and DESCRIPTION         
other institutions. The vertical total electron content     DESCRIPTION         
(VTEC) is modeled in a solar-geomagnetic reference frame    DESCRIPTION         
using a spherical harmonics expansion up to degree and      DESCRIPTION         
order 15. Piece-wise linear functions are used for          DESCRIPTION         
representation in the time domain. The time spacing of      DESCRIPTION         
their vertices is 1 hour, conforming with the epochs of the DESCRIPTION         
VTEC maps.                                                  DESCRIPTION         
To convert line-of-sight TEC into vertical TEC, a modified  DESCRIPTION         
single-layer model mapping function approximating the JPL   DESCRIPTION         
extended slab model mapping function is adopted. The        DESCRIPTION         
mapping function is evaluated at geodetic satellite         DESCRIPTION         
elevation angles. For the computation of the ionospheric    DESCRIPTION         
pierce points, a spherical layer with a radius of 6821 km   DESCRIPTION         
is assumed, implying geocentric, not geodetic IONEX         DESCRIPTION         
latitudes.                                                  DESCRIPTION         
Instrumental biases with respect to each involved GNSS code DESCRIPTION         
observable are estimated as constant values for each        DESCRIPTION         
day. They are modeled with one set of bias parameters for   DESCRIPTION         
each satellite and each station in case of GPS and for each DESCRIPTION         
satellite-station link in case of GLONASS. The code bias    DESCRIPTION         
datum is defined by zero-mean conditions imposed on the     DESCRIPTION         
satellite bias estimates. In this file, just GPS C1W-C2W    DESCRIPTION         
satellite and station bias values are included. The         DESCRIPTION         
complete set of GNSS code bias results is provided in an    DESCRIPTION         
additional Bias-SINEX file as pseudo-absolute values        DESCRIPTION         
specific to each observable.                                DESCRIPTION         
Note: These GIM results correspond to the results for the   DESCRIPTION         
middle day of a 3-day combination analysis solving for 73   DESCRIPTION         
times 256, or 18688 VTEC parameters and 3 daily sets of     DESCRIPTION         
GNSS code bias parameters.                                  DESCRIPTION         
Contact address: code(at)aiub.unibe.ch                      DESCRIPTION         
Data archive:    ftp.aiub.unibe.ch/CODE/                    DESCRIPTION         
                 www.aiub.unibe.ch/download/CODE/           DESCRIPTION         
  2023     8    11     0     0     0                        EPOCH OF FIRST MAP  
  2023     8    12     0     0     0                        EPOCH OF LAST MAP   
  3600                                                      INTERVAL            
[...]
bshm cags cas1 ccj2 cedu chpg chpi chti chur cnmr coco cord COMMENT             
cpvg cpxf crar cro1 darw dav1 dgar dhlg drao dubo ebre faa1 COMMENT             
flin flrs frdn ftna func ganp glps glsv gode godz gol2 gold COMMENT             
gope gras graz guat guug harb hers hert hlfx hnpt hob2 hofn COMMENT             
holb hrao hyde ieng iisc ineg invk iqal jog2 joz2 joze karr COMMENT             
kerg kir0 kiri kiru kit3 kokb kokv kouc koug kour krgg laut COMMENT             
lhaz lmmf lpal lpgs m0se mac1 madr mal2 mana mas1 mat1 mate COMMENT             
maui maw1 mcm4 mdo1 mdvj medi mets mgue mizu mkea mnls mobs COMMENT             
monp morp mqzg mro1 nano naur nico nist nium nklg nlib nnor COMMENT             
not1 nrc1 nrmd ntus nya1 nyal onsa opmt ous2 pado park pdel COMMENT             
penc pert pie1 pimo pohn pol2 polv pots pove prds ptag ptbb COMMENT             
ptvl qaq1 quin rabt ramo reun reyk rgdg rio2 riop roth salu COMMENT             
samo sant savo sch2 scor scrz sctb scub seyg sfer shao smst COMMENT             
sofi spt0 sthl stjo stk2 str2 suth sutm sydn syog tabl tabv COMMENT             
tash thtg thti thu2 tid1 tidb tlse tow2 tro1 tskb tuva twtf COMMENT             
txes uclu ufpr ulab unb3 unbj unsa urum usn7 usud vald vill COMMENT             
voim vtsp wab1 wab2 wark wgtn whit will wind wsrt wtza wtzl COMMENT             
wtzr wtzs wtzz wuhn xmis yar2 yar3 yarr yell ykro zamb zeck COMMENT             
zim2 zim3 zimm                                              COMMENT             
                                                            END OF HEADER       
[from data line 858]
     3                                                      START OF TEC MAP    
  2023     8    11     2     0     0                        EPOCH OF CURRENT MAP
    87.5-180.0 180.0   5.0 450.0                            LAT/LON1/LON2/DLON/H
  153  152  152  152  152  152  152  152  152  153  153  154  154  155  155  155
  156  156  156  156  157  157  156  156  156  156  156  155  155  155  154  154
  154  153  153  153  153  153  153  153  153  153  153  154  154  154  155  155
  155  156  156  156  157  157  157  158  158  158  158  158  158  158  158  157
  157  156  156  155  155  154  154  153  153
    85.0-180.0 180.0   5.0 450.0                            LAT/LON1/LON2/DLON/H
  155  153  152  151  150  150  151  152  153  154  156  158  160  161  163  165
  166  167  167  168  168  167  166  166  164  163  161  160  159  157  156  155
  154  153  152  152  152  152  152  153  153  154  155  155  156  157  158  159
  161  162  163  164  166  167  169  170  171  172  173  174  174  174  173  173
  171  170  168  166  164  161  159  157  155
    82.5-180.0 180.0   5.0 450.0                            LAT/LON1/LON2/DLON/H
  162  158  154  152  150  150  150  152  154  157  161  165  168  172  175  178
  180  182  183  183  182  180  178  176  173  169  166  163  160  157  155  153
  151  150  150  150  150  151  152  153  154  156  157  159  160  162  163  165
  166  168  171  173  176  179  182  186  189  192  195  197  199  200  201  200
  198  195  192  187  183  177  172  167  162
    80.0-180.0 180.0   5.0 450.0                            LAT/LON1/LON2/DLON/H
  175  167  161  156  152  151  151  154  157  162  167  173  179  184  189  193
  195  197  197  196  194  191  187  183  177  172  167  162  157  153  150  147
  146  145  145  146  147  149  151  154  156  159  161  163  165  167  168  170
  171  173  176  179  183  188  194  200  207  213  220  226  230  234  236  236
  235  231  226  219  211  203  193  184  175
    77.5-180.0 180.0   5.0 450.0                            LAT/LON1/LON2/DLON/H
  195  183  172  164  159  156  156  158  163  169  175  182  189  195  200  204
  206  207  206  204  201  196  190  184  177  169  162  156  150  146  142  140
  139  139  140  141  144  147  151  155  158  162  165  168  170  171  172  173
  174  176  178  181  186  193  201  210  221  232  243  253  262  269  274  276
  276  273  267  258  247  235  222  208  195
    75.0-180.0 180.0   5.0 450.0                            LAT/LON1/LON2/DLON/H
  220  203  189  178  170  165  164  166  171  177  184  191  198  203  207  209
  210  210  207  204  199  193  186  178  170  162  155  148  142  137  134  132
  132  133  135  137  141  145  150  154  159  164  168  171  173  175  175  175
  174  174  176  179  184  192  202  215  229  244  260  275  288  299  308  313
  314  312  306  297  285  270  254  237  220
    72.5-180.0 180.0   5.0 450.0                            LAT/LON1/LON2/DLON/H
  246  226  209  195  184  177  175  177  181  187  193  199  203  206  208  208
  207  204  201  196  191  184  177  169  161  153  145  139  134  130  128  127
  127  129  131  134  137  141  146  151  156  162  167  171  174  176  176  174
  173  171  171  174  179  187  199  214  231  250  269  287  304  319  330  338
  341  341  336  328  317  302  285  266  246
    70.0-180.0 180.0   5.0 450.0                            LAT/LON1/LON2/DLON/H
  269  248  228  211  198  190  187  188  192  197  202  205  207  207  205  201
  198  193  189  184  179  173  166  159  151  144  137  132  128  126  125  125
  126  127  128  130  132  135  138  143  149  155  161  167  171  174  174  173
  170  168  167  168  173  181  194  210  229  249  271  291  309  325  338  346
  352  353  351  346  336  324  308  289  269
    67.5-180.0 180.0   5.0 450.0                            LAT/LON1/LON2/DLON/H
  286  265  244  225  210  200  196  197  201  205  209  210  209  205  199  193
  187  182  177  173  168  163  157  151  144  138  133  129  126  125  125  125
  126  126  126  126  126  126  128  131  136  143  150  158  165  169  171  171
  169  166  164  165  170  178  191  207  226  247  267  287  304  319  330  338
  343  346  347  345  341  333  321  305  286
    65.0-180.0 180.0   5.0 450.0                            LAT/LON1/LON2/DLON/H
  295  275  253  233  217  206  201  202  206  211  213  213  209  203  194  186
  179  174  170  166  163  159  153  148  142  136  132  129  127  127  127  128
  128  127  125  122  119  116  115  116  120  127  136  146  156  163  167  169
  168  166  165  166  171  180  193  208  226  244  262  279  292  303  311  316
  320  323  325  328  329  327  322  311  295
    62.5-180.0 180.0   5.0 450.0                            LAT/LON1/LON2/DLON/H
  296  279  258  237  219  207  202  203  208  213  216  214  209  201  192  184
  177  172  169  167  164  160  155  150  144  139  135  132  131  131  131  131
  130  128  124  119  113  107  103  102  104  111  121  133  145  156  163  166
  167  167  168  171  178  187  200  214  230  245  259  270  279  284  286  286
  287  288  292  299  306  311  312  308  296
    60.0-180.0 180.0   5.0 450.0                            LAT/LON1/LON2/DLON/H
  293  279  259  238  219  206  201  202  207  212  215  214  209  202  193  186
  181  178  175  173  171  167  161  155  149  144  141  138  137  136  136  134
  132  128  123  116  109  101   95   91   92   98  108  122  136  149  158  164
  168  170  174  180  189  200  212  226  238  250  259  266  268  267  263  257
  253  252  255  264  277  289  298  300  293
    57.5-180.0 180.0   5.0 450.0                            LAT/LON1/LON2/DLON/H
  290  279  262  241  222  208  201  202  206  211  214  213  209  203  197  192
  189  187  186  184  180  175  169  163  157  152  148  146  144  142  140  137
  133  128  122  116  108  100   92   87   86   90  100  114  129  143  155  162
  168  174  180  190  202  215  228  240  251  259  264  266  263  256  246  234
  225  220  223  233  249  267  282  290  290
    55.0-180.0 180.0   5.0 450.0                            LAT/LON1/LON2/DLON/H
  289  283  269  250  231  216  208  207  209  212  213  212  208  205  201  200
  199  198  196  193  188  182  176  169  164  159  156  154  152  149  145  140
  134  129  124  118  112  104   97   90   88   90   98  111  125  140  152  161
  168  177  187  200  216  231  245  257  265  270  273  271  265  254  239  222
  207  199  199  210  228  249  270  284  289
    52.5-180.0 180.0   5.0 450.0                            LAT/LON1/LON2/DLON/H
  291  291  282  267  249  235  225  220  219  218  216  212  208  206  205  206
  207  207  204  199  193  186  180  174  170  167  165  163  160  156  150  144
  137  132  127  124  119  114  107  100   96   96  102  112  125  139  150  160
  169  180  193  210  229  247  261  272  279  283  283  280  273  260  241  221
  202  190  188  197  215  239  262  281  291
    50.0-180.0 180.0   5.0 450.0                            LAT/LON1/LON2/DLON/H
  297  303  300  290  276  262  251  243  236  229  222  214  209  207  209  211
  213  211  207  201  194  187  182  178  175  173  172  171  168  164  157  149
  142  136  133  132  130  126  120  114  109  107  110  118  129  140  151  161
  171  184  201  220  241  260  275  285  291  294  294  291  284  271  251  229
  208  193  188  195  212  235  260  282  297
    47.5-180.0 180.0   5.0 450.0                            LAT/LON1/LON2/DLON/H
  303  315  320  316  307  295  284  272  260  247  233  220  212  210  212  215
  216  213  207  200  193  188  184  182  180  180  179  178  176  171  163  155
  148  144  142  142  141  139  135  129  123  120  121  126  135  145  155  165
  176  190  209  230  252  271  286  295  300  303  304  303  297  285  267  244
  222  205  198  203  217  237  261  284  303
    45.0-180.0 180.0   5.0 450.0                            LAT/LON1/LON2/DLON/H
  307  325  336  339  335  327  317  303  287  268  248  231  219  215  217  219
  219  215  209  201  195  191  189  188  187  186  185  184  182  177  170  163
  156  153  152  153  153  152  149  143  138  134  133  136  143  152  161  171
  184  200  219  241  262  281  294  302  307  311  313  314  311  302  286  265
  243  226  217  218  227  244  264  286  307
    42.5-180.0 180.0   5.0 450.0                            LAT/LON1/LON2/DLON/H
  310  330  345  354  356  352  343  331  313  290  266  245  231  225  225  227
  226  221  215  208  204  202  200  199  196  193  191  189  187  182  176  170
  166  164  164  165  165  163  160  156  151  148  147  148  153  161  170  181
  194  211  230  252  271  288  299  307  313  317  322  326  326  321  309  291
  271  254  243  241  245  255  270  289  310
    40.0-180.0 180.0   5.0 450.0                            LAT/LON1/LON2/DLON/H
  312  332  349  360  365  365  360  349  333  310  285  263  248  240  239  240
  238  234  228  223  221  219  218  214  208  202  197  194  191  187  182  178
  176  176  177  177  176  174  171  167  164  162  161  161  165  171  180  191
  205  222  242  261  279  293  303  310  317  325  332  340  345  344  338  325
  308  292  281  274  272  275  282  295  312
    37.5-180.0 180.0   5.0 450.0                            LAT/LON1/LON2/DLON/H
  321  336  351  361  366  367  365  359  347  327  304  283  268  261  258  258
  256  253  249  246  244  243  240  233  224  214  206  200  196  191  187  185
  186  188  191  191  189  185  182  179  178  177  175  175  176  181  189  200
  215  232  251  269  284  295  304  313  323  334  345  357  368  374  375  368
  357  343  331  320  312  307  305  310  321
    35.0-180.0 180.0   5.0 450.0                            LAT/LON1/LON2/DLON/H
  343  350  358  363  365  365  366  364  356  342  323  305  292  284  281  279
  278  276  273  271  270  268  263  254  242  229  219  211  204  198  193  191
  194  200  205  206  203  198  194  192  192  192  190  188  187  189  195  206
  221  239  257  273  286  295  304  315  329  345  362  380  397  411  420  422
  417  407  395  382  369  355  345  340  343
    32.5-180.0 180.0   5.0 450.0                            LAT/LON1/LON2/DLON/H
  383  380  379  376  372  369  369  369  366  357  344  329  318  310  305  302
  300  299  297  294  291  288  283  275  263  249  237  227  217  207  199  197
  201  210  217  220  217  212  208  206  207  207  204  200  196  194  197  207
  221  240  258  274  285  294  304  318  337  359  382  406  431  454  473  485
  487  482  472  458  441  422  403  390  383
    30.0-180.0 180.0   5.0 450.0                            LAT/LON1/LON2/DLON/H
  442  431  420  408  396  388  385  385  383  377  367  356  346  337  329  324
  320  318  314  309  303  299  296  292  285  274  261  248  233  218  205  200
  205  216  226  231  230  225  221  219  219  219  215  208  199  194  194  202
  217  236  256  273  284  294  305  323  348  376  406  436  468  500  528  549
  560  561  555  543  525  502  479  458  442
    27.5-180.0 180.0   5.0 450.0                            LAT/LON1/LON2/DLON/H
  518  500  482  463  444  429  421  416  413  406  397  387  377  365  353  343
  337  331  324  313  304  301  304  308  308  301  289  272  252  229  210  201
  204  216  229  237  237  234  230  228  227  225  219  209  197  188  186  192
  208  229  252  271  284  295  310  332  361  395  431  467  504  543  579  608
  626  635  634  626  611  589  564  539  518
    25.0-180.0 180.0   5.0 450.0                            LAT/LON1/LON2/DLON/H
  600  579  559  538  515  494  479  467  457  446  435  423  410  394  377  363
  352  341  327  310  297  296  307  322  331  329  316  295  267  237  212  198
  198  211  225  235  238  236  232  229  227  223  215  203  189  178  174  179
  196  221  248  271  288  301  318  344  378  417  456  496  537  579  619  653
  677  692  699  698  689  672  648  623  600
    22.5-180.0 180.0   5.0 450.0                            LAT/LON1/LON2/DLON/H
  675  658  641  623  600  577  554  534  514  496  479  464  447  426  404  384
  367  351  330  305  289  290  310  336  353  353  336  309  275  239  208  190
  188  199  214  226  231  230  226  221  217  212  203  190  176  164  159  166
  185  214  246  275  296  312  332  361  398  440  481  522  563  605  644  678
  705  725  739  747  747  737  718  696  675
    20.0-180.0 180.0   5.0 450.0                            LAT/LON1/LON2/DLON/H
  733  722  715  705  688  665  637  608  578  551  527  507  487  462  435  410
  389  367  339  307  288  292  319  352  372  368  344  309  269  230  197  177
  174  184  199  210  216  215  211  205  199  192  184  172  159  148  144  153
  175  209  247  282  308  328  351  382  422  464  505  544  582  619  653  683
  709  732  752  769  778  777  765  748  733
    17.5-180.0 180.0   5.0 450.0                            LAT/LON1/LON2/DLON/H
  765  764  769  771  764  744  714  677  639  604  575  551  527  500  469  441
  418  392  359  323  301  306  336  370  384  370  336  293  250  211  180  162
  160  168  181  192  197  196  191  183  175  168  161  152  141  132  130  141
  167  206  250  291  322  346  373  406  447  488  527  562  595  625  651  673
  694  717  742  765  782  788  783  773  765
    15.0-180.0 180.0   5.0 450.0                            LAT/LON1/LON2/DLON/H
  770  779  797  813  818  804  774  733  689  649  616  590  565  537  505  477
  453  427  393  355  330  333  359  385  386  357  309  260  218  185  161  148
  148  156  166  175  179  176  169  160  151  144  139  132  124  117  118  131
  160  203  252  298  335  364  394  430  472  512  547  577  604  626  643  657
  672  691  716  743  765  776  777  772  770
    12.5-180.0 180.0   5.0 450.0                            LAT/LON1/LON2/DLON/H
  756  772  800  829  845  838  810  769  723  681  647  621  597  569  538  510
  489  466  435  397  370  367  383  393  375  328  268  216  180  158  144  139
  141  149  158  164  165  161  152  141  131  124  121  116  110  105  107  121
  152  198  251  301  343  377  412  452  495  533  565  590  612  628  639  646
  654  668  690  715  737  750  754  753  756
    10.0-180.0 180.0   5.0 450.0                            LAT/LON1/LON2/DLON/H
  733  753  788  825  848  847  823  784  740  700  667  642  619  591  561  535
  517  500  474  440  411  400  400  389  350  286  220  171  145  136  133  135
  141  149  157  161  160  154  143  129  118  112  109  105  100   95   96  110
  141  188  243  297  343  383  424  468  513  550  579  602  621  636  645  648
  651  660  675  693  711  723  728  728  733
     7.5-180.0 180.0   5.0 450.0                            LAT/LON1/LON2/DLON/H
  715  736  772  812  838  840  820  785  746  709  679  654  630  601  570  544
  529  518  499  470  440  419  401  369  312  239  173  134  121  125  132  139
  147  155  162  165  163  154  141  125  113  106  102   99   92   85   84   96
  126  173  229  285  335  380  427  476  524  561  588  610  631  650  662  668
  669  672  679  688  698  706  709  709  715
     5.0-180.0 180.0   5.0 450.0                            LAT/LON1/LON2/DLON/H
  711  729  763  801  826  829  811  781  748  715  685  658  631  598  562  533
  518  511  499  476  446  415  381  333  267  194  138  113  115  128  140  148
  156  163  169  172  169  160  144  127  113  105  100   94   85   75   71   80
  108  153  209  266  318  368  420  475  525  563  590  614  640  667  689  701
  705  705  702  700  700  704  706  706  711
     2.5-180.0 180.0   5.0 450.0                            LAT/LON1/LON2/DLON/H
  722  738  767  800  822  823  807  783  754  724  693  661  626  585  541  504
  484  477  470  452  422  384  340  286  221  160  122  115  128  144  154  158
  161  167  174  177  175  165  149  131  116  106   99   91   79   65   58   63
   88  131  185  242  296  348  404  463  516  556  584  611  645  683  717  740
  750  747  736  723  715  714  716  718  722
